
              precision    recall  f1-score   support

         H10       0.80      0.96      0.87        50
         H11       0.82      0.82      0.82        50
         H12       1.00      1.00      1.00        50
         H14       0.98      1.00      0.99        50
         H15       0.96      0.96      0.96        50
         H16       0.98      1.00      0.99        50
         H18       1.00      1.00      1.00        50
         H19       1.00      1.00      1.00        50
          H2       0.98      1.00      0.99        50
         H21       1.00      1.00      1.00        50
          H4       0.98      0.98      0.98        50
          H5       0.96      0.98      0.97        50
          H6       0.94      0.98      0.96        50
          H7       0.94      0.98      0.96        50
      non-HY       1.00      0.70      0.82        50
          Y1       1.00      0.96      0.98        50
          Y2       0.96      0.94      0.95        50
          Y3       1.00      1.00      1.00        50

every thing is fine

